列表版本号=v6.2
锁定=0
1	2	1004	1	1	0	0	0	1	0	255	415	0	7	0
预制轨道\通用轨道\2魔塔\单5.txt

1	2	1005	1	1	0	0	0	1	0	255	415	0	7	0
预制轨道\通用轨道\2魔塔\单5.txt

1	2	1009	1	1	0	0	0	1	0	255	415	0	7	0
预制轨道\通用轨道\2魔塔\单10.txt

1	2	1010	1	1	0	0	0	1	0	255	415	0	7	0
预制轨道\通用轨道\2魔塔\单10.txt

1	2	1014	1	1	0	0	0	1	0	255	415	0	7	0
预制轨道\通用轨道\2魔塔\单15.txt

1	2	1015	1	1	0	0	0	1	0	255	415	0	7	0
预制轨道\通用轨道\2魔塔\单15.txt

1	2	1019	1	1	0	0	0	1	0	255	415	0	7	0
预制轨道\通用轨道\2魔塔\单20.txt

1	2	1020	1	1	0	0	0	1	0	255	415	0	7	0
预制轨道\通用轨道\2魔塔\单20.txt

1	2	1024	1	1	0	0	0	1	0	255	415	0	7	0
预制轨道\通用轨道\2魔塔\单25.txt

1	2	1025	1	1	0	0	0	1	0	255	415	0	7	0
预制轨道\通用轨道\2魔塔\单25.txt

1	2	1029	1	1	0	0	0	1	0	255	415	0	7	0
预制轨道\通用轨道\2魔塔\单30.txt

1	2	1030	1	1	0	0	0	1	0	255	415	0	7	0
预制轨道\通用轨道\2魔塔\单30.txt

1	2	1034	1	1	0	0	0	1	0	255	415	0	7	0
预制轨道\通用轨道\2魔塔\单35.txt

1	2	1035	1	1	0	0	0	1	0	255	415	0	7	0
预制轨道\通用轨道\2魔塔\单35.txt

1	2	1039	1	1	0	0	0	1	0	255	415	0	7	0
预制轨道\通用轨道\2魔塔\单40.txt

1	2	1040	1	1	0	0	0	1	0	255	415	0	7	0
预制轨道\通用轨道\2魔塔\单40.txt

1	2	1044	1	1	0	0	0	1	0	255	415	0	7	0
预制轨道\通用轨道\2魔塔\单45.txt

1	2	1045	1	1	0	0	0	1	0	255	415	0	7	0
预制轨道\通用轨道\2魔塔\单45.txt

1	2	1049	1	1	0	0	0	1	0	255	415	0	7	0
预制轨道\通用轨道\2魔塔\单50.txt

1	2	1050	1	1	0	0	0	1	0	255	415	0	7	0
预制轨道\通用轨道\2魔塔\单50.txt

1	2	1054	1	1	0	0	0	1	0	255	415	0	7	0
预制轨道\通用轨道\2魔塔\单55.txt

1	2	1055	1	1	0	0	0	1	0	255	415	0	7	0
预制轨道\通用轨道\2魔塔\单55.txt

1	2	1059	1	1	0	0	0	1	0	255	415	0	7	0
预制轨道\通用轨道\2魔塔\单60.txt

1	2	1060	1	1	0	0	0	1	0	255	415	0	7	0
预制轨道\通用轨道\2魔塔\单60.txt

1	2	1064	1	1	0	0	0	1	0	255	415	0	7	0
预制轨道\通用轨道\2魔塔\单65.txt

1	2	1065	1	1	0	0	0	1	0	255	415	0	7	0
预制轨道\通用轨道\2魔塔\单65.txt

1	2	1069	1	1	0	0	0	1	0	255	415	0	7	0
预制轨道\通用轨道\2魔塔\单70.txt

1	2	1070	1	1	0	0	0	1	0	255	415	0	7	0
预制轨道\通用轨道\2魔塔\单70.txt

1	2	1074	1	1	0	0	0	1	0	255	415	0	7	0
预制轨道\通用轨道\2魔塔\单75.txt

1	2	1075	1	1	0	0	0	1	0	255	415	0	7	0
预制轨道\通用轨道\2魔塔\单75.txt

1	2	1079	1	1	0	0	0	1	0	255	415	0	7	0
预制轨道\通用轨道\2魔塔\单80.txt

1	2	1080	1	1	0	0	0	1	0	255	415	0	7	0
预制轨道\通用轨道\2魔塔\单80.txt

1	2	1084	1	1	0	0	0	1	0	255	415	0	7	0
预制轨道\通用轨道\2魔塔\单85.txt

1	2	1085	1	1	0	0	0	1	0	255	415	0	7	0
预制轨道\通用轨道\2魔塔\单85.txt

1	2	1089	1	1	0	0	0	1	0	255	415	0	7	0
预制轨道\通用轨道\2魔塔\单90.txt

1	2	1090	1	1	0	0	0	1	0	255	415	0	7	0
预制轨道\通用轨道\2魔塔\单90.txt

1	2	1094	1	1	0	0	0	1	0	255	415	0	7	0
预制轨道\通用轨道\2魔塔\单95.txt

1	2	1095	1	1	0	0	0	1	0	255	415	0	7	0
预制轨道\通用轨道\2魔塔\单95.txt

1	2	1099	1	1	0	0	0	1	0	255	415	0	7	0
预制轨道\通用轨道\2魔塔\单100.txt

1	2	1100	1	1	0	0	0	1	0	255	415	0	7	0
预制轨道\通用轨道\2魔塔\单100.txt

0	2	1104	1	1	0	0	0	1	0	255	415	0	7	0


0	2	1105	1	1	0	0	0	1	0	255	415	0	7	0


0	2	1109	1	1	0	0	0	1	0	255	415	0	7	0


0	2	1110	1	1	0	0	0	1	0	255	415	0	7	0


0	2	1114	1	1	0	0	0	1	0	255	415	0	7	0


0	2	1115	1	1	0	0	0	1	0	255	415	0	7	0


0	2	1119	1	1	0	0	0	1	0	255	415	0	7	0


0	2	1120	1	1	0	0	0	1	0	255	415	0	7	0


0	2	1124	1	1	0	0	0	1	0	255	415	0	7	0


0	2	1125	1	1	0	0	0	1	0	255	415	0	7	0


0	2	1129	1	1	0	0	0	1	0	255	415	0	7	0


0	2	1130	1	1	0	0	0	1	0	255	415	0	7	0


0	2	1134	1	1	0	0	0	1	0	255	415	0	7	0


0	2	1135	1	1	0	0	0	1	0	255	415	0	7	0


0	2	1139	1	1	0	0	0	1	0	255	415	0	7	0


0	2	1140	1	1	0	0	0	1	0	255	415	0	7	0


0	2	1144	1	1	0	0	0	1	0	255	415	0	7	0


0	2	1145	1	1	0	0	0	1	0	255	415	0	7	0


0	2	1149	1	1	0	0	0	1	0	255	415	0	7	0


0	2	1150	1	1	0	0	0	1	0	255	415	0	7	0


0	2	1154	1	1	0	0	0	1	0	255	415	0	7	0


0	2	1155	1	1	0	0	0	1	0	255	415	0	7	0


0	2	1159	1	1	0	0	0	1	0	255	415	0	7	0


0	2	1160	1	1	0	0	0	1	0	255	415	0	7	0


0	2	1164	1	1	0	0	0	1	0	255	415	0	7	0


0	2	1165	1	1	0	0	0	1	0	255	415	0	7	0


