轨道版本号=v5.0.2
注释=
人物1位置=12
人物2位置=72
魔塔层数=0
退出时间=0
放卡限速=0
刷技能模式=0
移动板块=0
优先队列=海星,海星,海星,海星,海星,海星,海星,糖葫芦
卡槽数=10
宝石	120[0]
铲子	0[0]独	002|27	002|67	060|37	060|47	060|57
咖啡粉	8[4]
小火炉	7[3]补极绝	000|22	000|32	000|42	000|52	000|62
海星	7[3]补极	000|36	000|46	000|56	000|27	000|67	000|17	000|77	000|37	000|47	000|57
冰沙	34[5]
糖葫芦	7[3]补极	000|13	000|73
木盘子	7[1]
麦芽糖	7[1]
瓜皮	15[2]
处女座	30[2]
布丁	7[3]补极	000|71
--第3波--
宝石	120[0]
铲子	0[0]独	001|22	001|62	001|36	001|46	001|56	002|22	002|62	002|36	002|46	002|56
咖啡粉	8[4]
小火炉	7[3]补极	000|32	000|42	000|52
海星	7[3]补极	000|27	000|67	000|17	000|77	000|37	000|47	000|57
冰沙	34[5]
糖葫芦	7[3]补极	004|13	000|23	000|33	000|43	000|53	000|63	000|73
木盘子	7[1]
麦芽糖	7[1]
瓜皮	15[2]
处女座	30[2]
布丁	7[3]补极继
