轨道版本号=v6.0.3
注释=
人物1位置=71
人物2位置=11
魔塔层数=0
退出时间=0
放卡限速=0
刷技能模式=0
移动板块=0
优先队列=
卡槽数=12
宝石	120[0]
铲子	0[0]
年糕蟹	25[3]补极	035|32	000|52	000|72	000|12	000|22	000|42	000|62	000|13	000|73
小火炉	7[3]补极	001|21	000|31	000|41	000|51	000|61	000|71	000|33	000|43	000|53	000|63	000|74	000|23	000|54	000|64
海星	7[3]补极	037|45	044|16	063|15	000|55
冰激凌	42[5]补极,0,0,1000	055|32
糖葫芦	7[3]补极	072|44	000|34
木盘子	7[1]
麦芽糖	7[1]
瓜皮	15[2]
处女座	30[2]
冰桶	7[3]补极绝	042|15	000|13	000|36
开水壶	7[3]补
防风草	7[4]
--第1波--
宝石	120[0]
铲子	0[0]绝独	002|54	012|76	019|64
年糕蟹	7[3]补极	010|32	000|52	000|72	000|12	000|22	000|42	000|62	000|13	000|73
小火炉	7[3]补极	006|21	000|31	000|41	000|51	000|61	000|71	000|33	000|43	000|53	000|63	000|74	000|23
海星	7[3]补极	008|45	000|16	000|15	000|55	000|76
冰激凌	42[5]补极,0,0,1000	009|32
糖葫芦	7[3]补极	005|44	000|34	000|54	000|64
木盘子	7[1]
麦芽糖	7[1]
瓜皮	15[2]
处女座	30[2]
冰桶	7[3]补极	011|15	000|36
开水壶	7[3]补
防风草	7[4]
--第2波--
宝石	120[0]
铲子	0[0]绝独	002|74	016|23	029|64	074|00
年糕蟹	7[3]补极继,0,0,0,,,0,信号,1,6,7
小火炉	7[3]补极	005|71
海星	7[3]补极	008|45	000|16	000|15	000|55	000|76
冰激凌	42[5]补极,0,0,1000	010|32
糖葫芦	7[3]补极	004|44	000|34	000|54	000|64	000|74	000|23	000|33	000|43	000|53	000|63	000|21	000|31	000|41	000|51	000|61
木盘子	7[1]
麦芽糖	7[1]
瓜皮	15[2]
处女座	30[2]
冰桶	7[3]补极	007|15	000|36
开水壶	7[3]补
防风草	7[4]
--第3波--
宝石	120[0]
铲子	0[0]绝独	002|33	015|43	027|53
年糕蟹	7[3]补极继
小火炉	7[3]补极继
海星	7[3]补极	020|45	047|16	063|15	079|55	094|76
冰激凌	42[5]补极,0,0,2000	000|32
糖葫芦	7[3]补极	000|44	000|34	000|23	000|33	000|43	000|53	000|63	000|54	000|64	000|74	000|21	000|31	000|41	000|51	000|61
木盘子	7[1]
麦芽糖	7[1]
瓜皮	15[2]
处女座	30[2]
冰桶	7[3]补极	048|15	000|36
开水壶	7[3]补
防风草	7[4]
--第4波--
宝石	120[0]
铲子	0[0]绝独	006|15	011|55	011|66	011|76	015|26	015|21	015|31	015|41	015|51
年糕蟹	7[3]补极继
小火炉	7[3]补极继
海星	7[3]补极	007|45	000|16	000|76	000|26
冰激凌	42[5]补极,0,0,2000	009|32
糖葫芦	7[3]补极	008|44	000|34	000|23	000|33	000|43	000|53	000|63	000|54	000|64	000|74	000|21	000|31	000|41	000|51	000|61
木盘子	7[1]
麦芽糖	7[1]
瓜皮	15[2]
处女座	30[2]
冰桶	7[3]补极	048|36
开水壶	7[3]补绝独	002|38
防风草	7[4]补极	004|15	000|55
--第4.1波--
宝石	120[0]
铲子	0[0]绝独	001|36	001|66
年糕蟹	7[3]补极继
小火炉	7[3]补极继
海星	7[3]补极	000|45	000|16	000|26	000|76
冰激凌	42[5]补极继,0,0,2000
糖葫芦	7[3]补极继
木盘子	7[1]
麦芽糖	7[1]
瓜皮	15[2]
处女座	30[2]
冰桶	7[3]补极	014|15
开水壶	7[3]补绝独	022|36	023|36	067|36	068|36	110|00	111|00
防风草	7[4]补极	005|55	000|15
