轨道版本号=v6.0.3
注释=
人物1位置=71
人物2位置=11
魔塔层数=0
退出时间=0
放卡限速=0
刷技能模式=0
移动板块=0
优先队列=
卡槽数=10
宝石	120[0]
铲子	0[0],0,0,0,,,0,,0,6,7
刺梨	7[3]补极	070|17	000|37	000|57	000|77	000|66	000|26
小火炉	7[3]
冰激凌	42[5]补极	046|52
木盘子	7[1]
麦芽糖	7[1]
瓜皮	15[2]
年糕蟹	25[3]补极,0,0,0,,,0,,1	025|52	000|32	000|42	000|22	000|62	000|12	000|72	000|13	000|73
冰桶	7[3]补极	031|15	000|13	000|36
开水壶	7[3]
扑克牌	7[2]补极	091|11	000|21	000|31	000|36	000|45	000|55	000|34	000|64	000|74	000|15	000|13	000|23	000|33	000|43	000|53	000|63	000|73	000|72	000|62	000|52	000|42	000|32	000|22	000|12	000|41	000|51	000|61	000|71	000|44	000|54
--第1波--
宝石	120[0]
铲子	0[0]绝独	001|76	001|54
刺梨	7[3]补极	005|17	000|27	000|37	000|57	000|77	000|66
小火炉	7[3]
冰激凌	42[5]补极	004|36
木盘子	7[1]
麦芽糖	7[1]
瓜皮	15[2]
年糕蟹	7[3]极继,0,0,0,,,0,信号,1,6,7
冰桶	7[3]补极	003|15	000|36
开水壶	7[3]
扑克牌	7[2]补极	002|36	000|45	000|55	000|34	000|13	000|23	000|33	000|43	000|44	000|54	000|64	000|74	000|73	000|63	000|53	000|52	000|62	000|72	000|61	000|71	000|51	000|41	000|31	000|21	000|11	000|12	000|22	000|32	000|42	000|16	000|15	000|76
--第1.3波--
宝石	120[0]
铲子	0[0]绝独	004|67	066|00
刺梨	7[3]补极	007|17	000|27	000|37	000|57	000|77	000|66
小火炉	7[3]
冰激凌	42[5]补极	009|36
木盘子	7[1]
麦芽糖	7[1]
瓜皮	15[2]
年糕蟹	7[3],0,0,0,,,0,信号,1,6,7	002|67	062|00
冰桶	7[3]补极	008|15	000|36
开水壶	7[3]
扑克牌	7[2]继
--第1.5波--
宝石	120[0]
铲子	0[0]绝独	004|67	066|00
刺梨	7[3]补极	007|17	000|27	000|37	000|57	000|77	000|66
小火炉	7[3]
冰激凌	42[5]补极	009|36
木盘子	7[1]
麦芽糖	7[1]
瓜皮	15[2]
年糕蟹	7[3],0,0,0,,,0,信号,1,6,7	002|67	062|00
冰桶	7[3]补极	008|15	000|36
开水壶	7[3]
扑克牌	7[2]继
--第2.4波--
宝石	120[0]
铲子	0[0]绝独	004|67	014|00	066|00
刺梨	7[3]补极	007|17	000|27	000|37	000|57	000|77	000|66
小火炉	7[3]
冰激凌	42[5]补极	009|36
木盘子	7[1]
麦芽糖	7[1]
瓜皮	15[2]
年糕蟹	7[3]	002|67	062|00
冰桶	7[3]补极	008|15	000|36
开水壶	7[3]
扑克牌	7[2]继
--第3.1波--
宝石	120[0]
铲子	0[0]绝独	004|67	066|00
刺梨	7[3]补极	007|17	000|27	000|37	000|57	000|77	000|66
小火炉	7[3]
冰激凌	42[5]补极	009|36
木盘子	7[1]
麦芽糖	7[1]
瓜皮	15[2]
年糕蟹	7[3],0,0,0,,,0,信号,1,6,7	002|67	062|00
冰桶	7[3]补极	008|15	000|36
开水壶	7[3]
扑克牌	7[2]继
--第4波--
宝石	120[0]
铲子	0[0]绝独	004|36	004|66	004|55
刺梨	7[3]补极	003|17	010|27	017|37	000|57	000|77	000|67
小火炉	7[3]
冰激凌	42[5]补极	000|15
木盘子	7[1]
麦芽糖	7[1]
瓜皮	15[2]
年糕蟹	7[3]补极	000|13	000|12	000|22	000|42	000|52	000|62	000|72	000|73	000|32
冰桶	7[3]继
开水壶	7[3]	002|58
扑克牌	7[2]继
--第4.1波--
宝石	120[0]
铲子	0[0]
刺梨	7[3]继
小火炉	7[3]
冰激凌	42[5]补	010|15	052|55
木盘子	7[1]
麦芽糖	7[1]
瓜皮	15[2]
年糕蟹	7[3]	000|13	000|12	000|22	000|32	000|42	000|52	000|62	000|72	000|73
冰桶	7[3]
开水壶	7[3]绝独	022|66	023|66	067|66	068|66	113|66	114|66
扑克牌	7[2]继
