轨道版本号=v6.0.2
注释=
人物1位置=75
人物2位置=53,54,71,72,73,74,76
魔塔层数=0
退出时间=0
放卡限速=0
刷技能模式=0
移动板块=0
优先队列=
卡槽数=11
宝石	120[0]
铲子	0[0]	002|11	100|13	100|23	100|33	100|43	100|53	100|63	100|73
咖啡粉	7[4]
小火炉	7[3]
海星	7[3]补极	000|58	000|78	000|38	000|18	000|68	000|48	000|28	000|77	000|27	000|37	000|57	000|67	000|47	000|17	000|76	000|66	000|56	000|46	000|36	000|26	000|16
冰激凌	42[5]极,0,0,1000	000|58
糖葫芦	7[3]补极	002|14	000|24	000|34	000|44	000|54	000|64	000|74	000|15	000|25	000|35	000|45	000|55	000|65	000|13	000|23	000|33	000|43	000|53	000|63	000|73	000|21	000|31	000|41	000|51	000|61	000|71
木盘子	7[1]
麦芽糖	7[1]极	000|17	000|27	000|37	000|36	000|45	000|46	000|55	000|56	000|66	000|76	000|16
瓜皮	15[2]
处女座	30[2]
油灯	12[3]极	002|11
布丁	7[3]补极	002|72	000|62	000|52	000|42	000|32	000|22	000|12
