轨道版本号=v6.0.3
注释=
人物1位置=52
魔塔层数=0
退出时间=0
放卡限速=0
刷技能模式=0
移动板块=0
优先队列=
卡槽数=11
宝石	120[0]
铲子	1[0]
咖啡粉	7[4]
小火炉	7[3]补极	000|11	000|21	000|31	000|41	000|51	000|61	000|71	000|12	000|22	000|32	000|72	000|14	000|34	000|54	000|74	000|15	000|35	000|55	000|75	000|24	000|64	000|25	000|65
海星	7[3]补极,0,0,200	000|48	000|27	000|19	000|67	000|79	000|58	000|47	000|38	000|78	000|57	000|18	000|37	000|17	000|77	000|46	000|45	000|44	000|43	000|36	000|56
冰激凌	42[5]补极,0,0,600	000|39
糖葫芦	7[3]
木盘子	4[1]补极	000|79	000|19	000|18	000|78	000|17	000|77	000|14	000|74	000|15	000|75	000|16	000|76
瓜皮	15[2]补极	000|19	000|79
处女座	30[2]
油灯	12[3]补极	030|62
布丁	7[3]补极	060|42	000|73	000|13	000|23	000|33	000|53	000|63
三线	7[3]补极,0,0,525,,,0,,0,,,,30	001|39	000|49	000|59	000|28	000|68	000|26	000|66	000|16	000|76
--第2波--
宝石	120[0]
铲子	0[0]独	002|39	002|49	002|59	002|28	002|68	002|26	002|66	002|16	002|76
咖啡粉	7[4]
小火炉	7[3]继
海星	7[3]继
冰激凌	42[5]继
糖葫芦	7[3]
木盘子	4[1]继
瓜皮	15[2]继
处女座	30[2]
油灯	12[3]继
布丁	7[3]继
三线	7[3]继
