轨道版本号=v6.3.4
注释=
人物1位置=11
魔塔层数=0
退出时间=0
放卡限速=0
刷技能模式=0
移动板块=0
优先队列=
卡槽数=11
宝石	120[0]
铲子	0[0]
咖啡粉	7[4]补极,0,0,0,,,0,,0,,,冰桶	000|19
小火炉	7[3]补极	000|12	000|22	000|32	000|42	000|52	000|62	000|72	000|53	000|63	000|44	000|54	000|64	000|73	000|74
海星	7[3]补极	000|55	000|35	000|45	000|25	000|65	000|16	000|36	000|46	000|56	000|26	000|66	000|75	000|76	000|17	000|67	000|27	000|57	000|37	000|47	000|77	000|15	000|78	000|68	000|58	000|48	000|38	000|28	000|18
瓜皮	15[2]补极独	001|36	004|56	000|46	000|25	000|66	000|16	000|26	000|76
冰激凌	42[5]独	001|36
糖葫芦	7[3]补极	000|14	000|24	000|33	000|43
冷萃机	7[3]补极	000|13	000|23
油灯	7[3]补极	000|34
棉花糖	10[1]补极	000|34	000|15	000|33	000|53	000|54	000|64	000|38	000|19	000|29	000|39	000|69	000|79
冰桶	7[3]补极,0,0,0,0.3	000|19	000|29
布丁	7[3]补极	000|21	000|31	000|41	000|51	000|61	000|71
