轨道版本号=v6.2
注释=
人物1位置=11
魔塔层数=0
退出时间=0
放卡限速=0
刷技能模式=0
移动板块=0
优先队列=
卡槽数=5
宝石	120[0]
铲子	0[0]
咖啡粉	7[4]
小火炉	7[3]补极	000|21	000|31	000|41	000|51	000|61	000|71	000|18	000|38	000|68	000|78	000|12	000|22	000|32	000|42	000|52	000|62	000|72
多拿滋	7[3]补极	000|13	000|23	000|33	000|43	000|53	000|63	000|73	000|15	000|25	000|36	000|47	000|55	000|65	000|75
冷萃机	7[3]补极	000|16	000|56	000|66	000|76	000|17	000|37	000|67	000|77
木盘子	7[1]补极	000|33	000|43	000|53	000|55	000|31	000|41	000|51	000|32	000|42	000|52	000|36	000|56	000|37	000|47	000|38
