轨道版本号=v6.2
注释=
人物1位置=11
魔塔层数=0
退出时间=0
放卡限速=0
刷技能模式=0
移动板块=0
优先队列=
卡槽数=5
宝石	120[0]
铲子	0[0]
咖啡粉	7[4]
小火炉	7[3]补极	000|21	000|31	000|41	000|51	000|61	000|71	000|12	000|22	000|32	000|42	000|52	000|62	000|72	000|13	000|23	000|33	000|43	000|53	000|63	000|73
海星	7[3]补极	000|56	000|36	000|16	000|46	000|26	000|45	000|44	000|75	000|74	000|57	000|47	000|37	000|27	000|17	000|55	000|35	000|25	000|15	000|64	000|54	000|34	000|24	000|14
木盘子	7[1]补极	000|75	000|55	000|45	000|35	000|25	000|15	000|74	000|64	000|54	000|44	000|34	000|24	000|14	000|56	000|46	000|36	000|26	000|16	000|57	000|47	000|37	000|27	000|17
瓜皮	15[2]补极
