轨道版本号=v6.2
注释=
人物1位置=11
魔塔层数=0
退出时间=0
放卡限速=0
刷技能模式=0
移动板块=0
优先队列=
卡槽数=10
宝石	120[0]
铲子	0[0]
咖啡粉	7[4]
小火炉	7[3]补极	000|21	000|31	000|41	000|51	000|61	000|12	000|22	000|32	000|42	000|52	000|62	000|53	000|63	000|44	000|54	000|64	000|71	000|72	000|73	000|74
海星	7[3]补极	000|56	000|36	000|46	000|25	000|16	000|66	000|26	000|65	000|55	000|45	000|35	000|57	000|37	000|17	000|67	000|27	000|47	000|75	000|76	000|77	000|15	000|78	000|68	000|58	000|48	000|38	000|28	000|18
瓜皮	15[2]补极独	001|36	004|56	000|46	000|25	000|66	000|16	000|26	000|76
冰激凌	42[5]独	001|36
糖葫芦	7[3]补极	000|14	000|24
棉花糖	30[1]独	030|39	060|49	090|79	120|69	150|39	180|79	210|59	240|79	270|19	300|29	330|39
冷萃机	7[3]补极	000|13	000|23	000|33	000|43
冰桶	7[3]补极,0,0,0,0.4	000|29
油灯	7[3]补极	000|34
